00000000 0000000000000000
00000001 0000000100000000
00000010 0000001000000000
00000011 0000001100000000
00000100 0000010000000000
00000101 0000010100000000
00000110 0000011000000000
00000111 0000011100000000
00001000 0000100000000000
00001001 0000100100000000
00001010 0000101000000000
00001011 0000101100000000
00001100 0000110000000000
00001101 0000110100000000
00001110 0000111000000000
00001111 0000111100000000
00010000 0001000000000000
00010001 0001000100000000
00010010 0001001000000000
00010011 0001001100000000
00010100 0001010000000000
00010101 0001010100000000
00010110 0001011000000000
00010111 0001011100000000
00011000 0001100000000000
00011001 0001100100000000
00011010 0001101000000000
00011011 0001101100000000
00011100 0001110000000000
00011101 0001110100000000
00011110 0001111000000000
00011111 0001111100000000
00100000 0010000000000000
00100001 0010000100000000
00100010 0010001000000000
00100011 0010001100000000
00100100 0010010000000000
00100101 0010010100000000
00100110 0010011000000000
00100111 0010011100000000
00101000 0010100000000000
00101001 0010100100000000
00101010 0010101000000000
00101011 0010101100000000
00101100 0010110000000000
00101101 0010110100000000
00101110 0010111000000000
00101111 0010111100000000
00110000 0011000000000000
00110001 0011000100000000
00110010 0011001000000000
00110011 0011001100000000
00110100 0011010000000000
00110101 0011010100000000
00110110 0011011000000000
00110111 0011011100000000
00111000 0011100000000000
00111001 0011100100000000
00111010 0011101000000000
00111011 0011101100000000
00111100 0011110000000000
00111101 0011110100000000
00111110 0011111000000000
00111111 0011111100000000
01000000 0100000000000000
01000001 0100000100000000
01000010 0100001000000000
01000011 0100001100000000
01000100 0100010000000000
01000101 0100010100000000
01000110 0100011000000000
01000111 0100011100000000
01001000 0100100000000000
01001001 0100100100000000
01001010 0100101000000000
01001011 0100101100000000
01001100 0100110000000000
01001101 0100110100000000
01001110 0100111000000000
01001111 0100111100000000
01010000 0101000000000000
01010001 0101000100000000
01010010 0101001000000000
01010011 0101001100000000
01010100 0101010000000000
01010101 0101010100000000
01010110 0101011000000000
01010111 0101011100000000
01011000 0101100000000000
01011001 0101100100000000
01011010 0101101000000000
01011011 0101101100000000
01011100 0101110000000000
01011101 0101110100000000
01011110 0101111000000000
01011111 0101111100000000
01100000 0110000000000000
01100001 0110000100000000
01100010 0110001000000000
01100011 0110001100000000
01100100 0110010000000000
01100101 0110010100000000
01100110 0110011000000000
01100111 0110011100000000
01101000 0110100000000000
01101001 0110100100000000
01101010 0110101000000000
01101011 0110101100000000
01101100 0110110000000000
01101101 0110110100000000
01101110 0110111000000000
01101111 0110111100000000
01110000 0111000000000000
01110001 0111000100000000
01110010 0111001000000000
01110011 0111001100000000
01110100 0111010000000000
01110101 0111010100000000
01110110 0111011000000000
01110111 0111011100000000
01111000 0111100000000000
01111001 0111100100000000
01111010 0111101000000000
01111011 0111101100000000
01111100 0111110000000000
01111101 0111110100000000
01111110 0111111000000000
01111111 0111111100000000
10000000 1000000000000000
10000001 1000000100000000
10000010 1000001000000000
10000011 1000001100000000
10000100 1000010000000000
10000101 1000010100000000
10000110 1000011000000000
10000111 1000011100000000
10001000 1000100000000000
10001001 1000100100000000
10001010 1000101000000000
10001011 1000101100000000
10001100 1000110000000000
10001101 1000110100000000
10001110 1000111000000000
10001111 1000111100000000
10010000 1001000000000000
10010001 1001000100000000
10010010 1001001000000000
10010011 1001001100000000
10010100 1001010000000000
10010101 1001010100000000
10010110 1001011000000000
10010111 1001011100000000
10011000 1001100000000000
10011001 1001100100000000
10011010 1001101000000000
10011011 1001101100000000
10011100 1001110000000000
10011101 1001110100000000
10011110 1001111000000000
10011111 1001111100000000
10100000 1010000000000000
10100001 1010000100000000
10100010 1010001000000000
10100011 1010001100000000
10100100 1010010000000000
10100101 1010010100000000
10100110 1010011000000000
10100111 1010011100000000
10101000 1010100000000000
10101001 1010100100000000
10101010 1010101000000000
10101011 1010101100000000
10101100 1010110000000000
10101101 1010110100000000
10101110 1010111000000000
10101111 1010111100000000
10110000 1011000000000000
10110001 1011000100000000
10110010 1011001000000000
10110011 1011001100000000
10110100 1011010000000000
10110101 1011010100000000
10110110 1011011000000000
10110111 1011011100000000
10111000 1011100000000000
10111001 1011100100000000
10111010 1011101000000000
10111011 1011101100000000
10111100 1011110000000000
10111101 1011110100000000
10111110 1011111000000000
10111111 1011111100000000
11000000 1100000000000000
11000001 1100000100000000
11000010 1100001000000000
11000011 1100001100000000
11000100 1100010000000000
11000101 1100010100000000
11000110 1100011000000000
11000111 1100011100000000
11001000 1100100000000000
11001001 1100100100000000
11001010 1100101000000000
11001011 1100101100000000
11001100 1100110000000000
11001101 1100110100000000
11001110 1100111000000000
11001111 1100111100000000
11010000 1101000000000000
11010001 1101000100000000
11010010 1101001000000000
11010011 1101001100000000
11010100 1101010000000000
11010101 1101010100000000
11010110 1101011000000000
11010111 1101011100000000
11011000 1101100000000000
11011001 1101100100000000
11011010 1101101000000000
11011011 1101101100000000
11011100 1101110000000000
11011101 1101110100000000
11011110 1101111000000000
11011111 1101111100000000
11100000 1110000000000000
11100001 1110000100000000
11100010 1110001000000000
11100011 1110001100000000
11100100 1110010000000000
11100101 1110010100000000
11100110 1110011000000000
11100111 1110011100000000
11101000 1110100000000000
11101001 1110100100000000
11101010 1110101000000000
11101011 1110101100000000
11101100 1110110000000000
11101101 1110110100000000
11101110 1110111000000000
11101111 1110111100000000
11110000 1111000000000000
11110001 1111000100000000
11110010 1111001000000000
11110011 1111001100000000
11110100 1111010000000000
11110101 1111010100000000
11110110 1111011000000000
11110111 1111011100000000
11111000 1111100000000000
11111001 1111100100000000
11111010 1111101000000000
11111011 1111101100000000
11111100 1111110000000000
11111101 1111110100000000
11111110 1111111000000000
11111111 1111111100000000
