01100000011000001110000000000001011 00010000101001101
01100000000101110110000000010110101 01000010000110111
01100001110110000110000011101011001 00111011011001011
01100000000111011110000001010011010 00110110111000110
01100001011000001100000010001011000 01110001000010000
01100001000001010000000110011011010 01101001000010000
01100001111000110110000000101010110 00010111000010010
01100000000111000100000110000000011 01001101010100110
01100000100010110000000100010001001 00001001100011000
01100001010100101000000011011110011 01000001001111100
01100000110110011000000011010111101 01100110010011100
01100000110111001110000101011001000 00110101001111000
01100001011010010010000001100110110 00011110001100110
01100001110010100100000011100101010 01001011101110100
01100000101111011000000001000100100 01010110100110000
01100001011101000000000111000110111 00011111101100000
01100000100010011110000100010110001 00111001010011111
01100000000110001010000100101111111 00100111010111011
01100001101000010110000010001011010 01100000111011110
01100001100101010000000000000001001 00111000111101000
01100001011100111110000100111001100 01101100110110100
01100001001010000010000111000001011 01111001111001011
01100000111011100000000100110000100 01100010111000000
01100000011101110110000010001000000 01101101011000000
01100000000010010110000111001101101 00011100111101111
01100001101101101000000111000001011 00110111010111100
01100001010111100010000100001111100 01101010010111100
01100001110010000000000000110010110 01001100110000000
01100001110000010010000001110001010 01010101111011010
01100000001011111010000000011101000 00101100101001000
01100000101111110100000100101111111 01100000100000110
01100000011001011000000011100010110 00111100111001000
01100000001000011110000011010000101 01110011011001011
01100001101011101010000001110110110 01111000000101110
01100000111010101010000110000010111 01010010010100011
01100001011011011010000000001011110 00011001000000110
01100001011010101100000101110110011 01001111100100010
01100000100101001000000010101101011 00010010010001100
01100001101010111100000100011010101 00000111100110110
01100000011111011000000001000010001 00001101010101100
01100000100110011100000111000001111 01000110000010010
01100001101100111100000000111010100 01110010011011000
01100001110001010100000000001110111 01001010110000110
01100001110110111000000011011000100 01000100001110000
01100001000000011010000100011101000 01011001111001000
01100000001011100000000001100010011 00110101101010000
01100001100010000000000001011100000 00011100000000000
01100000110011010110000011011111000 01011100110101000
01100001011100110010000100101111001 01101110001010001
01100000111010111110000100001001100 00010100000110100
01100000011100010100000100111011010 01101110110000100
01100001011111010010000010110010011 00110001111001011
01100000011101110110000110100100110 00000110011000010
01100000111101110110000000100000000 01011101100000000
01100001111000000110000010111111011 01100011011110001
01100000010110100010000111110010000 01101010010010000
01100001010101001000000101000000101 01001110100110100
01100001101110010110000001111101100 00001100000100100
01100000101011001110000011111111000 00000110011001000
01100000100011001110000110011011101 01010000011101011
01100001100001110100000101001111100 00011000000011000
01100001101101010000000110111110011 00111111001111000
01100001010110110010000100000110011 01111000100111011
01100000010000100000000111011111100 01110011111000000
01100000001001111000000101010101110 00010111011001000
01100000000101111100000000000100010 00001100100111100
01100001001111001110000101001101111 00101000100101001
01100000101100110110000011110011100 01010011101110100
01100001001001001010000101100001001 01110100101001101
01100001111001110110000101110010010 00011100010100110
01100000100010001100000110011011100 01111010000101000
01100001110010110100000001111000110 00010011110011100
01100001001001010000000100001000001 01001001100101000
01100001001000110110000100011111111 01110100111100101
01100000100010001010000110010000010 00110011100001010
01100000010111010110000100011101010 00000001011001110
01100000001101111010000011011101001 00000001100000101
01100001110100101000000010001001011 01001010101011100
01100001100011101110000100011010100 00000101010001100
01100000111101110000000100100011100 00101000000100000
01100000010010100100000011010110010 01000100100000100
01100000100101110100000011110111010 01000010100100100
01100001101100010100000110001010101 01111011011010010
01100001101010110010000100011000110 00001101011010110
01100000000011110100000010001001011 00000101110111110
01100001001111011000000100100001000 01001101101100000
01100001001110100110000010011011011 01011001110000001
01100001100100000100000000111000011 00000100100000110
01100000011110001110000101011001111 01101001111101001
01100000010100110110000100101101111 01001010000110101
01100001011100011010000011100011001 01111101111000101
01100001010111011110000111101010001 00111011010011111
01100000100010110110000100001010010 00011110100100110
01100001111000010010000010101011001 00110011100100001
01100000000011111000000001000011010 00000010010011000
01100000011011000000000101011001101 00111001111100000
01100000101111100110000110100110000 00111010010010000
01100000110111101010000001111110101 01000011101111001
01100000010011010000000100101100100 01001100010100000
01100001001100100000000111101001100 00100011011000000
01100000111111001100000000011000101 00001001111111110
01100000011110011010000011000101111 01000000010100011
01100000101011110110000011011010011 00110011001100001
01100001111000010000000111101101100 01100111101100000
01100001000101001100000101101111111 00110110001011010
01100000101101101110000011111001010 01000001101100110
01100000011111000000000110101100110 01110101101000000
01100000001111101100000101100011100 01100100011101000
01100001010010110010000100000000101 01111101110111101
01100001000110010110000100000011100 00100111000110100
01100001110001110010000111101011001 00100100011010001
01100000100110110100000000111111010 01001011011100100
01100001111010101010000000100110111 01010000001000011
01100000111010001000000000101000011 00010101011001100
01100000100001010100000011110101000 01110000110010000
01100000100100001100000111110000000 00001110100000000
01100000011010111010000000111011110 00100011110100110
01100000110010111110000010001111010 01000010101000110
01100000101100011010000101111100000 01110101001100000
01100001000000001010000100001001101 01001000110000001
01100001100101010110000110011100111 00111001001001101
01100000000010010110000011011110101 00000100111000111
01100001110110001110000100001110000 01010111100010000
01100001110101011100000000100101010 00001011010001100
01100001111010000000000100111100101 01110010001000000
01100000101001100010000011010111110 00000000001011110
01100001100101110010000111101001111 01100010000010111
01100000111001110110000001011101100 00010000001100100
01100000100100000110000000001011000 01000110100001000
01100001011111001110000011001000101 01001111101000011
01100001010000000010000001100001010 00110011100001010
01100001001000001100000010000010001 01011000101100110
01100000000110111100000011100000100 00001010101111000
01100001111000010010000110111000000 01011101111000000
01100001100101100100000001010001001 00010111101000010
01100000100101001110000011101101111 01001010101101001
01100001100011001000000110110001010 01100000111101000
01100001000111000000000011010000010 01100000111000000
01100001100001001000000000010010111 00010100100111100
01100000011110101010000011001010011 00011110000001111
01100001011111101100000000101100001 00111111000110110
01100001010111000010000100111111000 00111001011111000
01100001000010000110000110110010011 00010010101111001
01100001110101110000000101101101111 00100100111001000
01100000111011011110000110100111100 00110000100000100
01100000111000110010000110110001110 00011010011011110
01100000010011100110000100111110111 00110011111110101
01100001101000101000000110110111001 00111011101110100
01100001000110110010000011000111100 00010100011011100
01100000101100010010000101100111100 00010111100011100
01100001100101101100000001010111100 01100000110101000
01100001010110010110000111000011110 00101110111001010
01100000111100011000000001000101110 00111001100101000
01100001011110110100000111001011101 00011101000110010
01100000000000010010000001101100111 00001111010011111
01100000000100100100000100100110111 00100000101011110
01100000110100101010000000101101110 00110100100000110
01100000000000101000000010100101001 00110011100110100
01100001000101010110000100110010010 01111010010000110
01100001001101110000000110000000111 01110010000001000
01100001100010111110000010110110110 01010011010001010
01100001000111101010000000110001011 01101001000000111
01100000000111011110000011100101111 01011010011100001
01100000010101001100000110010101101 01001001000101110
01100000001001100100000001101101010 00001010010110100
01100000110011110100000101001010000 01100101000100000
01100000111100110010000010100110001 00111000101001001
01100001001011110100000011010101100 00011100111111000
01100001001101100100000010100011000 00110001010110000
01100000100001000100000011111001100 00011100100011000
01100001011111011000000000100110100 00101011111110000
01100000110001110000000110101101100 00111011110100000
01100001101011001100000110010111111 01100011100011010
01100000101111110000000010011101101 00110011010011000
01100001111001110110000100011101100 01110001001100100
01100000011101011010000000101110101 00101101100010001
01100000000111101100000100010111100 00110010010101000
01100000100101011000000100011111011 01111010010100100
01100001101000100000000010100001000 01011100010000000
01100000101101010110000011110110111 01011101000111101
01100001111000010010000110101111110 01101101101101110
01100000110110110110000001101000001 00100111010011011
01100001000101111010000001100100101 00111101001010001
01100001101110010000000000111100111 00011011101111000
01100000100111101100000011111100000 00001000101000000
01100001000011010110000001101111001 00011101110010011
01100000100011001110000100001111101 00101111001001011
01100001111001001010000001110100011 00001001110001111
01100000001111001000000101111011010 00110100000101000
01100000111111010110000000111010001 00110000111011011
01100001110010110000000010101101101 01101001101111000
01100000111111101010000011100001111 00010101001011011
01100001010011110110000111110001101 01111101010111111
01100000010010000110000110110111101 00001001001110111
01100001111001011110000111100111001 00010001001110111
01100000100111101010000010101001111 00101000010011011
01100001111100100010000011100110101 00011000000000101
01100001110000110100000110111100011 01101001100001110
01100000010100111110000001100101111 00101100000110001
01100000100100001000000010001101000 01110010110100000
01100000111000100010000010111000110 01100110000100110
01100000101100011000000100110110100 01101001001110000
01100000000100000100000011001101100 00100001011011000
01100001000111010000000101111000111 01110010001011000
01100000000000110100000101010110001 00001010111111010
01100000111011010010000011010000110 00101011011110110
01100001111001100100000001000000001 00111001100110010
01100000110100010010000101011110111 01010100000101111
01100001011011010010000110101101010 00000111001111010
01100001111000010100000001101111010 00100100011000100
01100000001001010110000000001101000 00111100101111000
01100000111000000000000110110010010 01111111000000000
01100001100110001100000011100111011 00101101110100010
01100000010101110110000101101010110 01111001111010010
01100000101000100000000000111010110 00100101101100000
01100001111011110100000001011010111 01111001101110110
01100000000101111110000000011111101 01011110011000011
01100000111000101010000011010001001 00100100000111101
01100000101001010010000101110000011 00110011011111011
01100000100000101000000011110100111 00011010100001100
01100001000010011100000100111110110 01011100011110100
01100001101101011110000111001000110 00100111111011010
01100001010100000000000110100011001 01000011010000000
01100000001100100100000000001100011 01001101101110110
01100001011111011000000010000010111 01100001000110100
01100001101110011100000010011001101 00100010111110110
01100001000111100110000111001001010 01110000000111110
01100000101101010010000010110111010 00110100111001010
01100000110100010110000110010101001 01101010111000011
01100000011110100010000111010011001 01011010111101001
01100001001110001010000000000000100 00010011100010100
01100000001011000100000000100010010 00111101011100100
01100000010101000000000101100010111 00001110001100000
01100001111100010110000010101101100 00100010110100100
01100001101101001000000111001001111 00010110110011100
01100001010011000010000001100111110 01010011001111110
01100001011010011110000101000000010 00010110010011110
01100000010101000000000101101011111 01101100101100000
01100001101100011100000101110011011 00100111011111010
01100000000100011000000100101111110 00011000011101000
01100000001010001100000110111101001 01011011010110110
01100000111010111010000101111101111 01101111011010011
01100001100010100000000111011011001 01100111111010000
01100000010101110010000000010010000 01000100000010000
01100001101111001000000100110100101 01111011111110100
01100000101111010010000100000100110 00010100010010110
01100000100000010010000001111110001 01110011101111001
01100001001110001100000011100101000 01111000011110000
01100001100101001010000110000000010 01101010101001010
01100000011001000100000001000111111 00000100101011110
01100000111111101010000110000011100 00101101011001100
01100000100100101000000111001100000 01100111110000000
01100000111000111110000011111000111 00110001000011001
01100000010110100000000100110101111 00011110000110000
01100000000000010110000101101101010 00111110110001110
01100000000000111010000100100011100 00000100000101100
01100000111011100010000001010101011 01101101001111011
01100001100110010100000111101000110 00101010100111100
01100001110000000100000000100001101 01011100000011010
01100000111001101110000010000001010 00010010000100110
01100001011110110100000100100111000 00100000110110000
01100000001000011000000110011011001 00111001100101100
01100000110111110010000001110010000 01101011100010000
01100000010101001110000101100111011 01100100101111101
01100000111100110110000101001101001 00010110010010011
01100001010110010010000101001010011 00101100100101011
01100000101110010010000110101101000 01000111010101000
01100001111100011000000000101011101 00011000111011100
01100000110100011110000110111101100 00100111011010100
01100000000101111110000110010001011 00101101110110101
01100000111100001100000001110101000 01000000111110000
01100000111010000110000001101100111 01011010011110101
01100000100011101100000001011111100 00101000000101000
01100000100101000000000011100011100 01110000110000000
01100000101111010110000010000100110 01000110011100010
01100000000001100110000011101001010 00111001110111110
01100000110100000000000101000001011 00100011110000000
01100000100100000110000110100101100 00110110110000100
01100001000111000110000001001011011 01110111010110001
01100001100101100110000010110001101 00111110110010111
01100000011110010100000000110001100 01101110001111000
01100000110011001010000000011010100 00100101110100100
01100001101001010010000000010101110 01111000111011110
01100001001011011010000101110001000 01011000011101000
01100001000010011000000110111001110 01000100100101000
01100000010110010100000011100110010 00001000101110100
01100001001110011110000010011110100 01001010101001100
01100000111101111010000111110011111 01110000101100011
01100000010011010000000000101001011 00001110001111000
01100001100001101010000011111000110 01110001111111110
01100000110010000100000000011101001 01011001000010010
01100001100100000000000111101001000 00000010000000000
01100001110010100100000000101010000 01100101110100000
01100001001110010010000111010001110 00110101101111110
01100001011101000010000100111000111 01011001100100111
01100000001000001110000110101100011 01100000010110101
01100000101101101000000000000110100 00010100010010000
01100000011001101100000101001001000 00000001100110000
01100000010100001100000000101101111 01001111000011010
01100000010111100000000110111111001 00000101101110000
