000000000000111110010001110 00000000000000000000000000000000
100000000000111110010001110 00000000000000000000000000000000
000000000010110011010001011 00000000000000000000000000000000
100000000010110011010001011 00000000000000000000000000000000
000000000100111001100111101 00000000000000000000000000000000
100000000100111001100111101 00000000000000000000000000000000
000000000110011110100101000 00000000000000000000000000000000
100000000110011110100101000 00000000000000000000000000000000
000000001001111011111100000 00000000000000000000000000000000
100000001001111011111100000 00000000000000000000000000000000
000000001011001011000111001 00000000000000000000000000000000
100000001011001011000111001 00000000000000000000000000000000
000000001101011000011100011 00000000000000000000000000000000
100000001101011000011100011 00000000000000000000000000000000
000000001111001110111000110 00000000000000000000000000000000
100000001111001110111000110 00000000000000000000000000000000
010000000010101110111101001 00000000000000000000000000000000
110000000010101110111101001 00000000000000000000000000000000
010000001110101000010101011 00000000000000000000000000000000
110000001110101000010101011 00000000000000000000000000000000
000001101110011000010100000 00000000000000000000000000000000
100001101110011000010100000 00000000000000000000000000000000
010001101000010010001000011 00000000000000000000000000000000
110001101000010010001000011 00000000000000000000000000000000
010001101011111000000001010 00000000000000000000000000000000
110001101011111000000001010 00000000000000000000000000000000
010001100010000011000001100 00000000000000000000000000000000
110001100010000011000001100 00000000000000000000000000000000
010001101111110010010011001 00000000000000000000000000000000
110001101111110010010011001 00000000000000000000000000000000
010001100111110001011110100 00000000000000000000000000000000
110001100111110001011110100 00000000000000000000000000000000
010001100001101110010000010 00000000000000000000000000000000
110001100001101110010000010 11011100100000100000000000000000
010001101100100011100101101 11011100100000100000000000000000
110001101100100011100101101 11011100100000100100011100101101
010001100010010111100110100 11011100100000100100011100101101
110001100010010111100110100 11011100100000100100011100101101
010001100111111001000000001 11011100100000100100011100101101
110001100111111001000000001 11011100100000100100011100101101
010001101011000010100101111 11011100100000100100011100101101
110001101011000010100101111 11011100100000100100011100101101
010001100001100010011000000 11011100100000100100011100101101
110001100001100010011000000 11000100110000000100011100101101
010001101001000101100111101 11000100110000000100011100101101
110001101001000101100111101 11000100110000000100011100101101
010001101110010111101010110 11000100110000000100011100101101
110001101110010111101010110 11000100110000000100011100101101
010001100110000000010001110 11000100110000000100011100101101
110001100110000000010001110 11000100110000000100011100101101
010001101101101101000010001 11000100110000000100011100101101
110001101101101101000010001 11000100110000001101101000010001
010001101111101001001000000 11000100110000001101101000010001
110001101111101001001000000 11000100110000001101101000010001
000000011111101100111010101 11000100110000000010111100110100
100000011111101100111010101 11000100110000000010111100110100
010000010010011010011000010 11000100110000000010111100110100
110000010010011010011000010 11000100110000000011010011000010
010000011000100001101100000 11000100110000000011010011000010
110000011000100001101100000 11000100110000000011010011000010
010000010011011100000100001 11000100110000000011010011000010
110000010011011100000100001 11000100110000001011100000100001
010000011001001100011111101 11000100110000001011100000100001
110000011001001100011111101 11000100110000001011100000100001
010000010000000110011101100 11000100110000001011100000100001
110000010000000110011101100 00001100111011001011100000100001
010000011010010110010011110 00001100111011001011100000100001
110000011010010110010011110 00001100111011001011100000100001
010000010011101011100100110 00001100111011001011100000100001
110000010011101011100100110 00001100111011001101011100100110
010000010100110000011111100 00001100111011001101011100100110
110000010100110000011111100 00001100111011001101011100100110
000000011100100110110000101 00001100111011001101011100100110
100000011100100110110000101 00001100111011001101011100100110
010000011001110000001111110 00001100111011001101011100100110
110000011001110000001111110 00001100111011001101011100100110
010000011110111001011010000 00001100111011001101011100100110
110000011110111001011010000 00001100111011001101011100100110
010000010011000010100101101 00001100111011001101011100100110
110000010011000010100101101 00001100111011001000010100101101
010000011000101111001001010 00001100111011001000010100101101
110000011000101111001001010 00001100111011001000010100101101
010000010001001010011000101 00001100111011001000010100101101
110000010001001010011000101 10010100110001011000010100101101
000001010000110111011001111 10010100110001010010110010011110
100001010000110111011001111 10010100110001010010110010011110
010001011011001111111011010 10010100110001010010110010011110
110001011011001111111011010 10010100110001011001111111011010
010001011100011100011010011 10010100110001011001111111011010
110001011100011100011010011 10010100110001011001111111011010
010001010000111011010101011 10010100110001011001111111011010
110001010000111011010101011 01110110101010111001111111011010
010001011010011101011000101 01110110101010111001111111011010
110001011010011101011000101 01110110101010110011101011000101
010001011001001000011111010 01110110101010110011101011000101
110001011001001000011111010 01110110101010110011101011000101
