100000 1111111111100000
100001 1111111111100001
100010 1111111111100010
100011 1111111111100011
100100 1111111111100100
100101 1111111111100101
100110 1111111111100110
100111 1111111111100111
101000 1111111111101000
101001 1111111111101001
101010 1111111111101010
101011 1111111111101011
101100 1111111111101100
101101 1111111111101101
101110 1111111111101110
101111 1111111111101111
110000 1111111111110000
110001 1111111111110001
110010 1111111111110010
110011 1111111111110011
110100 1111111111110100
110101 1111111111110101
110110 1111111111110110
110111 1111111111110111
111000 1111111111111000
111001 1111111111111001
111010 1111111111111010
111011 1111111111111011
111100 1111111111111100
111101 1111111111111101
111110 1111111111111110
111111 1111111111111111
000000 0000000000000000
000001 0000000000000001
000010 0000000000000010
000011 0000000000000011
000100 0000000000000100
000101 0000000000000101
000110 0000000000000110
000111 0000000000000111
001000 0000000000001000
001001 0000000000001001
001010 0000000000001010
001011 0000000000001011
001100 0000000000001100
001101 0000000000001101
001110 0000000000001110
001111 0000000000001111
010000 0000000000010000
010001 0000000000010001
010010 0000000000010010
010011 0000000000010011
010100 0000000000010100
010101 0000000000010101
010110 0000000000010110
010111 0000000000010111
011000 0000000000011000
011001 0000000000011001
011010 0000000000011010
011011 0000000000011011
011100 0000000000011100
011101 0000000000011101
011110 0000000000011110
011111 0000000000011111
