100000000 1111111100000000 1111111111111111
100000001 1111111100000001 1111111111111111
100000010 1111111100000010 1111111111111111
100000011 1111111100000011 1111111111111111
100000100 1111111100000100 1111111111111111
100000101 1111111100000101 1111111111111111
100000110 1111111100000110 1111111111111111
100000111 1111111100000111 1111111111111111
100001000 1111111100001000 1111111111111111
100001001 1111111100001001 1111111111111111
100001010 1111111100001010 1111111111111111
100001011 1111111100001011 1111111111111111
100001100 1111111100001100 1111111111111111
100001101 1111111100001101 1111111111111111
100001110 1111111100001110 1111111111111111
100001111 1111111100001111 1111111111111111
100010000 1111111100010000 1111111111111111
100010001 1111111100010001 1111111111111111
100010010 1111111100010010 1111111111111111
100010011 1111111100010011 1111111111111111
100010100 1111111100010100 1111111111111111
100010101 1111111100010101 1111111111111111
100010110 1111111100010110 1111111111111111
100010111 1111111100010111 1111111111111111
100011000 1111111100011000 1111111111111111
100011001 1111111100011001 1111111111111111
100011010 1111111100011010 1111111111111111
100011011 1111111100011011 1111111111111111
100011100 1111111100011100 1111111111111111
100011101 1111111100011101 1111111111111111
100011110 1111111100011110 1111111111111111
100011111 1111111100011111 1111111111111111
100100000 1111111100100000 1111111111111111
100100001 1111111100100001 1111111111111111
100100010 1111111100100010 1111111111111111
100100011 1111111100100011 1111111111111111
100100100 1111111100100100 1111111111111111
100100101 1111111100100101 1111111111111111
100100110 1111111100100110 1111111111111111
100100111 1111111100100111 1111111111111111
100101000 1111111100101000 1111111111111111
100101001 1111111100101001 1111111111111111
100101010 1111111100101010 1111111111111111
100101011 1111111100101011 1111111111111111
100101100 1111111100101100 1111111111111111
100101101 1111111100101101 1111111111111111
100101110 1111111100101110 1111111111111111
100101111 1111111100101111 1111111111111111
100110000 1111111100110000 1111111111111111
100110001 1111111100110001 1111111111111111
100110010 1111111100110010 1111111111111111
100110011 1111111100110011 1111111111111111
100110100 1111111100110100 1111111111111111
100110101 1111111100110101 1111111111111111
100110110 1111111100110110 1111111111111111
100110111 1111111100110111 1111111111111111
100111000 1111111100111000 1111111111111111
100111001 1111111100111001 1111111111111111
100111010 1111111100111010 1111111111111111
100111011 1111111100111011 1111111111111111
100111100 1111111100111100 1111111111111111
100111101 1111111100111101 1111111111111111
100111110 1111111100111110 1111111111111111
100111111 1111111100111111 1111111111111111
101000000 1111111101000000 1111111111111111
101000001 1111111101000001 1111111111111111
101000010 1111111101000010 1111111111111111
101000011 1111111101000011 1111111111111111
101000100 1111111101000100 1111111111111111
101000101 1111111101000101 1111111111111111
101000110 1111111101000110 1111111111111111
101000111 1111111101000111 1111111111111111
101001000 1111111101001000 1111111111111111
101001001 1111111101001001 1111111111111111
101001010 1111111101001010 1111111111111111
101001011 1111111101001011 1111111111111111
101001100 1111111101001100 1111111111111111
101001101 1111111101001101 1111111111111111
101001110 1111111101001110 1111111111111111
101001111 1111111101001111 1111111111111111
101010000 1111111101010000 1111111111111111
101010001 1111111101010001 1111111111111111
101010010 1111111101010010 1111111111111111
101010011 1111111101010011 1111111111111111
101010100 1111111101010100 1111111111111111
101010101 1111111101010101 1111111111111111
101010110 1111111101010110 1111111111111111
101010111 1111111101010111 1111111111111111
101011000 1111111101011000 1111111111111111
101011001 1111111101011001 1111111111111111
101011010 1111111101011010 1111111111111111
101011011 1111111101011011 1111111111111111
101011100 1111111101011100 1111111111111111
101011101 1111111101011101 1111111111111111
101011110 1111111101011110 1111111111111111
101011111 1111111101011111 1111111111111111
101100000 1111111101100000 1111111111111111
101100001 1111111101100001 1111111111111111
101100010 1111111101100010 1111111111111111
101100011 1111111101100011 1111111111111111
101100100 1111111101100100 1111111111111111
101100101 1111111101100101 1111111111111111
101100110 1111111101100110 1111111111111111
101100111 1111111101100111 1111111111111111
101101000 1111111101101000 1111111111111111
101101001 1111111101101001 1111111111111111
101101010 1111111101101010 1111111111111111
101101011 1111111101101011 1111111111111111
101101100 1111111101101100 1111111111111111
101101101 1111111101101101 1111111111111111
101101110 1111111101101110 1111111111111111
101101111 1111111101101111 1111111111111111
101110000 1111111101110000 1111111111111111
101110001 1111111101110001 1111111111111111
101110010 1111111101110010 1111111111111111
101110011 1111111101110011 1111111111111111
101110100 1111111101110100 1111111111111111
101110101 1111111101110101 1111111111111111
101110110 1111111101110110 1111111111111111
101110111 1111111101110111 1111111111111111
101111000 1111111101111000 1111111111111111
101111001 1111111101111001 1111111111111111
101111010 1111111101111010 1111111111111111
101111011 1111111101111011 1111111111111111
101111100 1111111101111100 1111111111111111
101111101 1111111101111101 1111111111111111
101111110 1111111101111110 1111111111111111
101111111 1111111101111111 1111111111111111
110000000 1111111110000000 1111111111111111
110000001 1111111110000001 1111111111111111
110000010 1111111110000010 1111111111111111
110000011 1111111110000011 1111111111111111
110000100 1111111110000100 1111111111111111
110000101 1111111110000101 1111111111111111
110000110 1111111110000110 1111111111111111
110000111 1111111110000111 1111111111111111
110001000 1111111110001000 1111111111111111
110001001 1111111110001001 1111111111111111
110001010 1111111110001010 1111111111111111
110001011 1111111110001011 1111111111111111
110001100 1111111110001100 1111111111111111
110001101 1111111110001101 1111111111111111
110001110 1111111110001110 1111111111111111
110001111 1111111110001111 1111111111111111
110010000 1111111110010000 1111111111111111
110010001 1111111110010001 1111111111111111
110010010 1111111110010010 1111111111111111
110010011 1111111110010011 1111111111111111
110010100 1111111110010100 1111111111111111
110010101 1111111110010101 1111111111111111
110010110 1111111110010110 1111111111111111
110010111 1111111110010111 1111111111111111
110011000 1111111110011000 1111111111111111
110011001 1111111110011001 1111111111111111
110011010 1111111110011010 1111111111111111
110011011 1111111110011011 1111111111111111
110011100 1111111110011100 1111111111111111
110011101 1111111110011101 1111111111111111
110011110 1111111110011110 1111111111111111
110011111 1111111110011111 1111111111111111
110100000 1111111110100000 1111111111111111
110100001 1111111110100001 1111111111111111
110100010 1111111110100010 1111111111111111
110100011 1111111110100011 1111111111111111
110100100 1111111110100100 1111111111111111
110100101 1111111110100101 1111111111111111
110100110 1111111110100110 1111111111111111
110100111 1111111110100111 1111111111111111
110101000 1111111110101000 1111111111111111
110101001 1111111110101001 1111111111111111
110101010 1111111110101010 1111111111111111
110101011 1111111110101011 1111111111111111
110101100 1111111110101100 1111111111111111
110101101 1111111110101101 1111111111111111
110101110 1111111110101110 1111111111111111
110101111 1111111110101111 1111111111111111
110110000 1111111110110000 1111111111111111
110110001 1111111110110001 1111111111111111
110110010 1111111110110010 1111111111111111
110110011 1111111110110011 1111111111111111
110110100 1111111110110100 1111111111111111
110110101 1111111110110101 1111111111111111
110110110 1111111110110110 1111111111111111
110110111 1111111110110111 1111111111111111
110111000 1111111110111000 1111111111111111
110111001 1111111110111001 1111111111111111
110111010 1111111110111010 1111111111111111
110111011 1111111110111011 1111111111111111
110111100 1111111110111100 1111111111111111
110111101 1111111110111101 1111111111111111
110111110 1111111110111110 1111111111111111
110111111 1111111110111111 1111111111111111
111000000 1111111111000000 1111111111111111
111000001 1111111111000001 1111111111111111
111000010 1111111111000010 1111111111111111
111000011 1111111111000011 1111111111111111
111000100 1111111111000100 1111111111111111
111000101 1111111111000101 1111111111111111
111000110 1111111111000110 1111111111111111
111000111 1111111111000111 1111111111111111
111001000 1111111111001000 1111111111111111
111001001 1111111111001001 1111111111111111
111001010 1111111111001010 1111111111111111
111001011 1111111111001011 1111111111111111
111001100 1111111111001100 1111111111111111
111001101 1111111111001101 1111111111111111
111001110 1111111111001110 1111111111111111
111001111 1111111111001111 1111111111111111
111010000 1111111111010000 1111111111111111
111010001 1111111111010001 1111111111111111
111010010 1111111111010010 1111111111111111
111010011 1111111111010011 1111111111111111
111010100 1111111111010100 1111111111111111
111010101 1111111111010101 1111111111111111
111010110 1111111111010110 1111111111111111
111010111 1111111111010111 1111111111111111
111011000 1111111111011000 1111111111111111
111011001 1111111111011001 1111111111111111
111011010 1111111111011010 1111111111111111
111011011 1111111111011011 1111111111111111
111011100 1111111111011100 1111111111111111
111011101 1111111111011101 1111111111111111
111011110 1111111111011110 1111111111111111
111011111 1111111111011111 1111111111111111
111100000 1111111111100000 1111111111111111
111100001 1111111111100001 1111111111111111
111100010 1111111111100010 1111111111111111
111100011 1111111111100011 1111111111111111
111100100 1111111111100100 1111111111111111
111100101 1111111111100101 1111111111111111
111100110 1111111111100110 1111111111111111
111100111 1111111111100111 1111111111111111
111101000 1111111111101000 1111111111111111
111101001 1111111111101001 1111111111111111
111101010 1111111111101010 1111111111111111
111101011 1111111111101011 1111111111111111
111101100 1111111111101100 1111111111111111
111101101 1111111111101101 1111111111111111
111101110 1111111111101110 1111111111111111
111101111 1111111111101111 1111111111111111
111110000 1111111111110000 1111111111111111
111110001 1111111111110001 1111111111111111
111110010 1111111111110010 1111111111111111
111110011 1111111111110011 1111111111111111
111110100 1111111111110100 1111111111111111
111110101 1111111111110101 1111111111111111
111110110 1111111111110110 1111111111111111
111110111 1111111111110111 1111111111111111
111111000 1111111111111000 1111111111111111
111111001 1111111111111001 1111111111111111
111111010 1111111111111010 1111111111111111
111111011 1111111111111011 1111111111111111
111111100 1111111111111100 1111111111111111
111111101 1111111111111101 1111111111111111
111111110 1111111111111110 1111111111111111
111111111 1111111111111111 1111111111111111
000000000 0000000000000000 1111111111111111
000000001 0000000000000001 1111111111111111
000000010 0000000000000010 1111111111111111
000000011 0000000000000011 1111111111111111
000000100 0000000000000100 1111111111111111
000000101 0000000000000101 1111111111111111
000000110 0000000000000110 1111111111111111
000000111 0000000000000111 1111111111111111
000001000 0000000000001000 1111111111111111
000001001 0000000000001001 1111111111111111
000001010 0000000000001010 1111111111111111
000001011 0000000000001011 1111111111111111
000001100 0000000000001100 1111111111111111
000001101 0000000000001101 1111111111111111
000001110 0000000000001110 1111111111111111
000001111 0000000000001111 1111111111111111
000010000 0000000000010000 1111111111111111
000010001 0000000000010001 1111111111111111
000010010 0000000000010010 1111111111111111
000010011 0000000000010011 1111111111111111
000010100 0000000000010100 1111111111111111
000010101 0000000000010101 1111111111111111
000010110 0000000000010110 1111111111111111
000010111 0000000000010111 1111111111111111
000011000 0000000000011000 1111111111111111
000011001 0000000000011001 1111111111111111
000011010 0000000000011010 1111111111111111
000011011 0000000000011011 1111111111111111
000011100 0000000000011100 1111111111111111
000011101 0000000000011101 1111111111111111
000011110 0000000000011110 1111111111111111
000011111 0000000000011111 1111111111111111
000100000 0000000000100000 1111111111111111
000100001 0000000000100001 1111111111111111
000100010 0000000000100010 1111111111111111
000100011 0000000000100011 1111111111111111
000100100 0000000000100100 1111111111111111
000100101 0000000000100101 1111111111111111
000100110 0000000000100110 1111111111111111
000100111 0000000000100111 1111111111111111
000101000 0000000000101000 1111111111111111
000101001 0000000000101001 1111111111111111
000101010 0000000000101010 1111111111111111
000101011 0000000000101011 1111111111111111
000101100 0000000000101100 1111111111111111
000101101 0000000000101101 1111111111111111
000101110 0000000000101110 1111111111111111
000101111 0000000000101111 1111111111111111
000110000 0000000000110000 1111111111111111
000110001 0000000000110001 1111111111111111
000110010 0000000000110010 1111111111111111
000110011 0000000000110011 1111111111111111
000110100 0000000000110100 1111111111111111
000110101 0000000000110101 1111111111111111
000110110 0000000000110110 1111111111111111
000110111 0000000000110111 1111111111111111
000111000 0000000000111000 1111111111111111
000111001 0000000000111001 1111111111111111
000111010 0000000000111010 1111111111111111
000111011 0000000000111011 1111111111111111
000111100 0000000000111100 1111111111111111
000111101 0000000000111101 1111111111111111
000111110 0000000000111110 1111111111111111
000111111 0000000000111111 1111111111111111
001000000 0000000001000000 1111111111111111
001000001 0000000001000001 1111111111111111
001000010 0000000001000010 1111111111111111
001000011 0000000001000011 1111111111111111
001000100 0000000001000100 1111111111111111
001000101 0000000001000101 1111111111111111
001000110 0000000001000110 1111111111111111
001000111 0000000001000111 1111111111111111
001001000 0000000001001000 1111111111111111
001001001 0000000001001001 1111111111111111
001001010 0000000001001010 1111111111111111
001001011 0000000001001011 1111111111111111
001001100 0000000001001100 1111111111111111
001001101 0000000001001101 1111111111111111
001001110 0000000001001110 1111111111111111
001001111 0000000001001111 1111111111111111
001010000 0000000001010000 1111111111111111
001010001 0000000001010001 1111111111111111
001010010 0000000001010010 1111111111111111
001010011 0000000001010011 1111111111111111
001010100 0000000001010100 1111111111111111
001010101 0000000001010101 1111111111111111
001010110 0000000001010110 1111111111111111
001010111 0000000001010111 1111111111111111
001011000 0000000001011000 1111111111111111
001011001 0000000001011001 1111111111111111
001011010 0000000001011010 1111111111111111
001011011 0000000001011011 1111111111111111
001011100 0000000001011100 1111111111111111
001011101 0000000001011101 1111111111111111
001011110 0000000001011110 1111111111111111
001011111 0000000001011111 1111111111111111
001100000 0000000001100000 1111111111111111
001100001 0000000001100001 1111111111111111
001100010 0000000001100010 1111111111111111
001100011 0000000001100011 1111111111111111
001100100 0000000001100100 1111111111111111
001100101 0000000001100101 1111111111111111
001100110 0000000001100110 1111111111111111
001100111 0000000001100111 1111111111111111
001101000 0000000001101000 1111111111111111
001101001 0000000001101001 1111111111111111
001101010 0000000001101010 1111111111111111
001101011 0000000001101011 1111111111111111
001101100 0000000001101100 1111111111111111
001101101 0000000001101101 1111111111111111
001101110 0000000001101110 1111111111111111
001101111 0000000001101111 1111111111111111
001110000 0000000001110000 1111111111111111
001110001 0000000001110001 1111111111111111
001110010 0000000001110010 1111111111111111
001110011 0000000001110011 1111111111111111
001110100 0000000001110100 1111111111111111
001110101 0000000001110101 1111111111111111
001110110 0000000001110110 1111111111111111
001110111 0000000001110111 1111111111111111
001111000 0000000001111000 1111111111111111
001111001 0000000001111001 1111111111111111
001111010 0000000001111010 1111111111111111
001111011 0000000001111011 1111111111111111
001111100 0000000001111100 1111111111111111
001111101 0000000001111101 1111111111111111
001111110 0000000001111110 1111111111111111
001111111 0000000001111111 1111111111111111
010000000 0000000010000000 1111111111111111
010000001 0000000010000001 1111111111111111
010000010 0000000010000010 1111111111111111
010000011 0000000010000011 1111111111111111
010000100 0000000010000100 1111111111111111
010000101 0000000010000101 1111111111111111
010000110 0000000010000110 1111111111111111
010000111 0000000010000111 1111111111111111
010001000 0000000010001000 1111111111111111
010001001 0000000010001001 1111111111111111
010001010 0000000010001010 1111111111111111
010001011 0000000010001011 1111111111111111
010001100 0000000010001100 1111111111111111
010001101 0000000010001101 1111111111111111
010001110 0000000010001110 1111111111111111
010001111 0000000010001111 1111111111111111
010010000 0000000010010000 1111111111111111
010010001 0000000010010001 1111111111111111
010010010 0000000010010010 1111111111111111
010010011 0000000010010011 1111111111111111
010010100 0000000010010100 1111111111111111
010010101 0000000010010101 1111111111111111
010010110 0000000010010110 1111111111111111
010010111 0000000010010111 1111111111111111
010011000 0000000010011000 1111111111111111
010011001 0000000010011001 1111111111111111
010011010 0000000010011010 1111111111111111
010011011 0000000010011011 1111111111111111
010011100 0000000010011100 1111111111111111
010011101 0000000010011101 1111111111111111
010011110 0000000010011110 1111111111111111
010011111 0000000010011111 1111111111111111
010100000 0000000010100000 1111111111111111
010100001 0000000010100001 1111111111111111
010100010 0000000010100010 1111111111111111
010100011 0000000010100011 1111111111111111
010100100 0000000010100100 1111111111111111
010100101 0000000010100101 1111111111111111
010100110 0000000010100110 1111111111111111
010100111 0000000010100111 1111111111111111
010101000 0000000010101000 1111111111111111
010101001 0000000010101001 1111111111111111
010101010 0000000010101010 1111111111111111
010101011 0000000010101011 1111111111111111
010101100 0000000010101100 1111111111111111
010101101 0000000010101101 1111111111111111
010101110 0000000010101110 1111111111111111
010101111 0000000010101111 1111111111111111
010110000 0000000010110000 1111111111111111
010110001 0000000010110001 1111111111111111
010110010 0000000010110010 1111111111111111
010110011 0000000010110011 1111111111111111
010110100 0000000010110100 1111111111111111
010110101 0000000010110101 1111111111111111
010110110 0000000010110110 1111111111111111
010110111 0000000010110111 1111111111111111
010111000 0000000010111000 1111111111111111
010111001 0000000010111001 1111111111111111
010111010 0000000010111010 1111111111111111
010111011 0000000010111011 1111111111111111
010111100 0000000010111100 1111111111111111
010111101 0000000010111101 1111111111111111
010111110 0000000010111110 1111111111111111
010111111 0000000010111111 1111111111111111
011000000 0000000011000000 1111111111111111
011000001 0000000011000001 1111111111111111
011000010 0000000011000010 1111111111111111
011000011 0000000011000011 1111111111111111
011000100 0000000011000100 1111111111111111
011000101 0000000011000101 1111111111111111
011000110 0000000011000110 1111111111111111
011000111 0000000011000111 1111111111111111
011001000 0000000011001000 1111111111111111
011001001 0000000011001001 1111111111111111
011001010 0000000011001010 1111111111111111
011001011 0000000011001011 1111111111111111
011001100 0000000011001100 1111111111111111
011001101 0000000011001101 1111111111111111
011001110 0000000011001110 1111111111111111
011001111 0000000011001111 1111111111111111
011010000 0000000011010000 1111111111111111
011010001 0000000011010001 1111111111111111
011010010 0000000011010010 1111111111111111
011010011 0000000011010011 1111111111111111
011010100 0000000011010100 1111111111111111
011010101 0000000011010101 1111111111111111
011010110 0000000011010110 1111111111111111
011010111 0000000011010111 1111111111111111
011011000 0000000011011000 1111111111111111
011011001 0000000011011001 1111111111111111
011011010 0000000011011010 1111111111111111
011011011 0000000011011011 1111111111111111
011011100 0000000011011100 1111111111111111
011011101 0000000011011101 1111111111111111
011011110 0000000011011110 1111111111111111
011011111 0000000011011111 1111111111111111
011100000 0000000011100000 1111111111111111
011100001 0000000011100001 1111111111111111
011100010 0000000011100010 1111111111111111
011100011 0000000011100011 1111111111111111
011100100 0000000011100100 1111111111111111
011100101 0000000011100101 1111111111111111
011100110 0000000011100110 1111111111111111
011100111 0000000011100111 1111111111111111
011101000 0000000011101000 1111111111111111
011101001 0000000011101001 1111111111111111
011101010 0000000011101010 1111111111111111
011101011 0000000011101011 1111111111111111
011101100 0000000011101100 1111111111111111
011101101 0000000011101101 1111111111111111
011101110 0000000011101110 1111111111111111
011101111 0000000011101111 1111111111111111
011110000 0000000011110000 1111111111111111
011110001 0000000011110001 1111111111111111
011110010 0000000011110010 1111111111111111
011110011 0000000011110011 1111111111111111
011110100 0000000011110100 1111111111111111
011110101 0000000011110101 1111111111111111
011110110 0000000011110110 1111111111111111
011110111 0000000011110111 1111111111111111
011111000 0000000011111000 1111111111111111
011111001 0000000011111001 1111111111111111
011111010 0000000011111010 1111111111111111
011111011 0000000011111011 1111111111111111
011111100 0000000011111100 1111111111111111
011111101 0000000011111101 1111111111111111
011111110 0000000011111110 1111111111111111
011111111 0000000011111111 1111111111111111
