100000 1111111111100000 1111111111111111
100001 1111111111100001 1111111111111111
100010 1111111111100010 1111111111111111
100011 1111111111100011 1111111111111111
100100 1111111111100100 1111111111111111
100101 1111111111100101 1111111111111111
100110 1111111111100110 1111111111111111
100111 1111111111100111 1111111111111111
101000 1111111111101000 1111111111111111
101001 1111111111101001 1111111111111111
101010 1111111111101010 1111111111111111
101011 1111111111101011 1111111111111111
101100 1111111111101100 1111111111111111
101101 1111111111101101 1111111111111111
101110 1111111111101110 1111111111111111
101111 1111111111101111 1111111111111111
110000 1111111111110000 1111111111111111
110001 1111111111110001 1111111111111111
110010 1111111111110010 1111111111111111
110011 1111111111110011 1111111111111111
110100 1111111111110100 1111111111111111
110101 1111111111110101 1111111111111111
110110 1111111111110110 1111111111111111
110111 1111111111110111 1111111111111111
111000 1111111111111000 1111111111111111
111001 1111111111111001 1111111111111111
111010 1111111111111010 1111111111111111
111011 1111111111111011 1111111111111111
111100 1111111111111100 1111111111111111
111101 1111111111111101 1111111111111111
111110 1111111111111110 1111111111111111
111111 1111111111111111 1111111111111111
000000 0000000000000000 1111111111111111
000001 0000000000000001 1111111111111111
000010 0000000000000010 1111111111111111
000011 0000000000000011 1111111111111111
000100 0000000000000100 1111111111111111
000101 0000000000000101 1111111111111111
000110 0000000000000110 1111111111111111
000111 0000000000000111 1111111111111111
001000 0000000000001000 1111111111111111
001001 0000000000001001 1111111111111111
001010 0000000000001010 1111111111111111
001011 0000000000001011 1111111111111111
001100 0000000000001100 1111111111111111
001101 0000000000001101 1111111111111111
001110 0000000000001110 1111111111111111
001111 0000000000001111 1111111111111111
010000 0000000000010000 1111111111111111
010001 0000000000010001 1111111111111111
010010 0000000000010010 1111111111111111
010011 0000000000010011 1111111111111111
010100 0000000000010100 1111111111111111
010101 0000000000010101 1111111111111111
010110 0000000000010110 1111111111111111
010111 0000000000010111 1111111111111111
011000 0000000000011000 1111111111111111
011001 0000000000011001 1111111111111111
011010 0000000000011010 1111111111111111
011011 0000000000011011 1111111111111111
011100 0000000000011100 1111111111111111
011101 0000000000011101 1111111111111111
011110 0000000000011110 1111111111111111
011111 0000000000011111 1111111111111111